1820 65 1331 7 11 0 31 12 0 254 649 649 0 0 0 65 28 0 0
65 1671 0 167 260 23 241 104 153 0 67 67 0 0 141 0 0 43 25
1331 0 2819 0 0 0 0 0 0 347 0 0 3 3 0 0 0 0 0
7 167 0 1657 165 20 124 40 189 3 10 10 1 1 167 284 24 262 26
11 260 0 165 1448 182 867 98 273 0 43 42 2 0 113 0 0 104 246
0 23 0 20 182 1250 189 468 1 0 0 0 3 0 0 0 0 0 305
31 241 0 124 867 189 1191 58 384 0 25 24 0 0 120 0 0 29 279
12 104 0 40 98 468 58 1073 37 1 21 21 3 0 109 0 17 0 6
0 153 0 189 273 1 384 37 1051 0 0 0 0 0 231 0 0 0 331
254 0 347 3 0 0 0 1 0 1039 0 0 650 650 3 0 0 0 0
649 67 0 10 43 0 25 21 0 0 1029 1016 0 0 0 0 58 0 0
649 67 0 10 42 0 24 21 0 0 1016 1016 0 0 0 0 47 0 0
0 0 3 1 2 3 0 3 0 650 0 0 988 980 0 0 0 0 0
0 0 3 1 0 0 0 0 0 650 0 0 980 980 0 0 0 0 0
0 141 0 167 113 0 120 109 231 3 0 0 0 0 965 0 31 0 0
65 0 0 284 0 0 0 0 0 0 0 0 0 0 0 960 4 103 0
28 0 0 24 0 0 0 17 0 0 58 47 0 0 31 4 901 0 6
0 43 0 262 104 0 29 0 0 0 0 0 0 0 0 103 0 839 0
0 25 0 26 246 305 279 6 331 0 0 0 0 0 0 0 6 0 816
